S = [1.0 0.9467288796388306 0.9508187763609834; 0.9467288796388306 1.0 0.8875144294215607; 0.9508187763609834 0.8875144294215607 1.0]
parBCA = -0.12685056550178866
parBAC = 0.7207084325582933
