S = [1.0 0.9422714995574705 0.9440521131603427; 0.9422714995574705 1.0 0.8910502911833781; 0.9440521131603427 0.8910502911833781 1.0]
parBCA = 0.013554834928773947
parBAC = 0.6751920447554342
