S = [1.0 0.9431163570582587 0.9526532181813613; 0.9431163570582587 1.0 0.9028056822934505; 0.9526532181813613 0.9028056822934505 1.0]
parBCA = 0.042960951693456616
parBAC = 0.635175247432031
