S = [1.0 0.9403511883338987 0.936649458042651; 0.9403511883338987 1.0 0.8984941976767531; 0.936649458042651 0.8984941976767531 1.0]
parBCA = 0.14865985106737467
parBAC = 0.6423998899403371
