S = [1.0 0.936139745691935 0.9412854631916099; 0.936139745691935 1.0 0.874572016528328; 0.9412854631916099 0.874572016528328 1.0]
parBCA = -0.0556187892297265
parBAC = 0.6897578939218656
