S = [1.0 0.9291692569038867 0.9485244240878791; 0.9291692569038867 1.0 0.8809673610431762; 0.9485244240878791 0.8809673610431762 1.0]
parBCA = -0.003180745096143902
parBAC = 0.6242628873419848
