S = [1.0 0.9332979032544532 0.9295279002865167; 0.9332979032544532 1.0 0.8737891516537643; 0.9295279002865167 0.8737891516537643 1.0]
parBCA = 0.047294334850422205
parBAC = 0.6752318417066656
