S = [1.0 0.9433648390658638 0.9306599740710443; 0.9433648390658638 1.0 0.8741732272201435; 0.9306599740710443 0.8741732272201435 1.0]
parBCA = -0.03112961614718157
parBAC = 0.7305688890720404
