S = [1.0 0.9368185677738747 0.9538210999827962; 0.9368185677738747 1.0 0.9072188585425036; 0.9538210999827962 0.9072188585425036 1.0]
parBCA = 0.13001585631708665
parBAC = 0.5658166975745769
