S = [1.0 0.9551907886777825 0.9369461190929785; 0.9551907886777825 1.0 0.8949669790419845; 0.9369461190929785 0.8949669790419845 1.0]
parBCA = 4.5210263897545664e-5
parBAC = 0.7482121265352851
