S = [1.0 0.9301961698957613 0.931804419366445; 0.9301961698957613 1.0 0.8683851769071069; 0.931804419366445 0.8683851769071069 1.0]
parBCA = 0.01219156600196429
parBAC = 0.6724366979747005
