S = [1.0 0.9383663072824945 0.9520114840158537; 0.9383663072824945 1.0 0.8906988434068496; 0.9520114840158537 0.8906988434068496 1.0]
parBCA = -0.02492394750323805
parBAC = 0.6498106303859106
