S = [1.0 0.9414236262507435 0.9441286192137078; 0.9414236262507435 1.0 0.8762027096938442; 0.9441286192137078 0.8762027096938442 1.0]
parBCA = -0.1135688342841608
parBAC = 0.7188206541784761
