S = [1.0 0.9495011934838029 0.937632639812761; 0.9495011934838029 1.0 0.9009691748308309; 0.937632639812761 0.9009691748308309 1.0]
parBCA = 0.09796996259985774
parBAC = 0.6943130058887902
