S = [1.0 0.9411718440095234 0.9483148036238567; 0.9411718440095234 1.0 0.9245661468564879; 0.9483148036238567 0.9245661468564879 1.0]
parBCA = 0.29877281212281004
parBAC = 0.532562075406877
