S = [1.0 0.9420033327023437 0.9353944064007007; 0.9420033327023437 1.0 0.8724930746843658; 0.9353944064007007 0.8724930746843658 1.0]
parBCA = -0.07290357033100521
parBAC = 0.7285404924881809
