S = [1.0 0.9358812088570309 0.9389511835167598; 0.9358812088570309 1.0 0.8710952765683421; 0.9389511835167598 0.8710952765683421 1.0]
parBCA = -0.06312364346749473
parBAC = 0.6981515870857414
